146
386
544
673
696
737
751
967
1036
1056
1068
1196
1197
1234
1288
1301
1422
1426
1427
1476
1479
1515
1517
1520
1578
1584
1663
1700
1706
1707
1711
1714
1716
1720
1745
1747
1801
1810
1824
1841
1843
1851
1853
1867
1896
1912
1926
1929
1941
1983
1991
1992
2017
2064
2090
2102
2127
2130
2145
2148
2152
2156
2170
2171
2177
2178
2182
2187
2191
2196
2199
2200
2201
2202
2203
2211
2212
2215
2221
2223
2224
2233
2234
2235
2244
2246
2251
2266
2271
2272
2275
2277
2278
2279
2282
2285
2300
2301
2313
2316
2318
2320
2323
2329
2332
2333
2334
2335
2336
2337
2339
2340
2343
2344
2347
2348
2350
2354
2356
2358
2359
2361
2364
2366
2367
2369
2375
2376
2386
2388
2390
2391
2392
2393
2396
2397
2398
2402
2403
2404
2407
2408
2416
2419
2427
2438
2439
2444
2445
2447
2448
2449
2450
2451
2452
2453
2455
2456
2460
2461
2464
2467
2469
2470
2477
2489
2503
2504
2505
2506
2507
2508
2509
2511
2513
2517
2521
2522
2523
2524
2525
2528
2529
2533
2535
2536
2537
2538
2540
2542
2543
2545
2546
2547
2548
2549
2550
2552
2553
2554
2556
2557
2558
2561
2562
2565
2567
2568
2569
2570
2571
2572
2573
2574
2575
2576
2577
2578
2579
2580
2581
2582
2583
2584
2585
2586
2591
2592
2593
2598
2599
2600
2601
2602
2603
2604
2605
2606
2607
2608
2609
2610
2611
2612
2614
2615
2616
2617
2618
2619
2620
2621
2622
2623
2624
2625
2626
2627
2628
2630
2631
2632
2633
2634
2635
2636
2637
2638
2639
2640
2641
2642
2643
2644
2645
2646
2647
2648
2649
2650
2651
2652